x_pos,y_pos
,
,
,
,
,
,
,
,
,
,
,
,
,
,
,
,
,
,
,
,
,
,
,
,
,
,
,
,
,
,
,
,
,
,
,
,
,
,
,
,
,
,
,
,
,
,
,
,
,
,
,
,
,
,
,
,
,
,
,
,
,
,
,
,
,
,
,
,
,
,
,
,
,
,
,
,
,
,
,
,
,
,
,
,
,
,
162.15976813638113,167.8794888302805
162.15976813638113,167.8794888302805
162.15976813638113,167.8794888302805
162.15976813638113,167.8794888302805
162.15976813638113,167.8794888302805
162.15976813638113,167.8794888302805
162.15976813638113,167.8794888302805
162.15976813638113,167.8794888302805
162.15976813638113,167.8794888302805
162.15976813638113,167.8794888302805
162.15976813638113,167.8794888302805
162.15976813638113,167.8794888302805
162.15976813638113,167.8794888302805
162.15976813638113,167.8794888302805
162.15976813638113,167.8794888302805
162.15976813638113,167.8794888302805
162.15976813638113,167.8794888302805
162.15976813638113,167.8794888302805
162.15976813638113,167.8794888302805
162.15976813638113,167.8794888302805
162.15976813638113,167.8794888302805
162.15976813638113,167.8794888302805
162.15976813638113,167.8794888302805
162.15976813638113,167.8794888302805
162.15976813638113,167.8794888302805
162.15976813638113,167.8794888302805
162.15976813638113,167.8794888302805
162.15976813638113,167.8794888302805
162.15976813638113,167.8794888302805
162.15976813638113,167.8794888302805
162.15976813638113,167.8794888302805
162.15976813638113,167.8794888302805
162.15976813638113,167.8794888302805
162.15976813638113,167.8794888302805
162.15976813638113,167.8794888302805
162.15976813638113,167.8794888302805
162.15976813638113,167.8794888302805
162.15976813638113,167.8794888302805
162.15976813638113,167.8794888302805
162.15976813638113,167.8794888302805
162.15976813638113,167.8794888302805
162.15976813638113,167.8794888302805
162.15976813638113,167.8794888302805
162.15976813638113,167.8794888302805
162.15976813638113,167.8794888302805
162.15976813638113,167.8794888302805
162.15976813638113,167.8794888302805
162.15976813638113,167.8794888302805
162.15976813638113,167.8794888302805
162.15976813638113,167.8794888302805
162.15976813638113,167.8794888302805
162.15976813638113,167.8794888302805
162.15976813638113,167.8794888302805
162.15976813638113,167.8794888302805
162.15976813638113,167.8794888302805
162.15976813638113,167.8794888302805
162.15976813638113,167.8794888302805
162.15976813638113,167.8794888302805
162.15976813638113,167.8794888302805
162.15976813638113,167.8794888302805
162.15976813638113,167.8794888302805
162.15976813638113,167.8794888302805
162.15976813638113,167.8794888302805
162.15976813638113,167.8794888302805
162.15976813638113,167.8794888302805
162.15976813638113,167.8794888302805
162.15976813638113,167.8794888302805
162.15976813638113,167.8794888302805
162.15976813638113,167.8794888302805
162.15976813638113,167.8794888302805
162.15976813638113,167.8794888302805
162.15976813638113,167.8794888302805
162.15976813638113,167.8794888302805
162.15976813638113,167.8794888302805
162.15976813638113,167.8794888302805
162.15976813638113,167.8794888302805
162.15976813638113,167.8794888302805
162.15976813638113,167.8794888302805
162.15976813638113,167.8794888302805
162.15976813638113,167.8794888302805
162.15976813638113,167.8794888302805
162.15976813638113,167.8794888302805
162.15976813638113,167.8794888302805
162.15976813638113,167.8794888302805
162.15976813638113,167.8794888302805
162.15976813638113,167.8794888302805
162.15976813638113,167.8794888302805
162.15976813638113,167.8794888302805
162.15976813638113,167.8794888302805
162.15976813638113,167.8794888302805
162.15976813638113,167.8794888302805
162.15976813638113,167.8794888302805
162.15976813638113,167.8794888302805
162.15976813638113,167.8794888302805
162.15976813638113,167.8794888302805
162.15976813638113,167.8794888302805
162.15976813638113,167.8794888302805
162.15976813638113,167.8794888302805
162.15976813638113,167.8794888302805
162.15976813638113,167.8794888302805
162.15976813638113,167.8794888302805
162.15976813638113,167.8794888302805
162.15976813638113,167.8794888302805
162.15976813638113,167.8794888302805
162.15976813638113,167.8794888302805
162.15976813638113,167.8794888302805
162.15976813638113,167.8794888302805
162.15976813638113,167.8794888302805
162.15976813638113,167.8794888302805
162.15976813638113,167.8794888302805
162.15976813638113,167.8794888302805
162.15976813638113,167.8794888302805
162.15976813638113,167.8794888302805
162.15976813638113,167.8794888302805
162.15976813638113,167.8794888302805
162.15976813638113,167.8794888302805
162.15976813638113,167.8794888302805
162.15976813638113,167.8794888302805
162.15976813638113,167.8794888302805
162.15976813638113,167.8794888302805
162.15976813638113,167.8794888302805
162.15976813638113,167.8794888302805
162.15976813638113,167.8794888302805
162.15976813638113,167.8794888302805
162.15976813638113,167.8794888302805
162.15976813638113,167.8794888302805
162.15976813638113,167.8794888302805
162.15976813638113,167.8794888302805
162.15976813638113,167.8794888302805
162.15976813638113,167.8794888302805
162.15976813638113,167.8794888302805
162.15976813638113,167.8794888302805
162.15976813638113,167.8794888302805
162.15976813638113,167.8794888302805
162.15976813638113,167.8794888302805
162.15976813638113,167.8794888302805
162.15976813638113,167.8794888302805
162.15976813638113,167.8794888302805
162.15976813638113,167.8794888302805
162.15976813638113,167.8794888302805
162.15976813638113,167.8794888302805
162.15976813638113,167.8794888302805
162.15976813638113,167.8794888302805
162.15976813638113,167.8794888302805
162.15976813638113,167.8794888302805
162.15976813638113,167.8794888302805
162.15976813638113,167.8794888302805
162.15976813638113,167.8794888302805
162.15976813638113,167.8794888302805
162.15976813638113,167.8794888302805
162.15976813638113,167.8794888302805
162.15976813638113,167.8794888302805
162.15976813638113,167.8794888302805
162.15976813638113,167.8794888302805
162.15976813638113,167.8794888302805
162.15976813638113,167.8794888302805
162.15976813638113,167.8794888302805
162.15976813638113,167.8794888302805
162.15976813638113,167.8794888302805
162.15976813638113,167.8794888302805
162.15976813638113,167.8794888302805
162.15976813638113,167.8794888302805
162.15976813638113,167.8794888302805
162.15976813638113,167.8794888302805
,
,
,
,
,
,
,
,
,
,
,
,
,
,
,
,
,
,
,
,
,
,
,
,
,
,
,
,
,
,
,
,
,
,
,
,
,
,
,
,
,
,
,
,
,
,
,
,
,
,
,
,
,
,
,
,
,
,
,
,
,
,
,
,
,
,
,
,
,
,
,
,
,
,
,
,
287.8971331956837,89.18539823288833
287.8971331956837,89.18539823288833
287.8971331956837,89.18539823288833
287.8971331956837,89.18539823288833
287.8971331956837,89.18539823288833
287.8971331956837,89.18539823288833
287.8971331956837,89.18539823288833
287.8971331956837,89.18539823288833
287.8971331956837,89.18539823288833
287.8971331956837,89.18539823288833
287.8971331956837,89.18539823288833
287.8971331956837,89.18539823288833
287.8971331956837,89.18539823288833
287.8971331956837,89.18539823288833
287.8971331956837,89.18539823288833
287.8971331956837,89.18539823288833
287.8971331956837,89.18539823288833
287.8971331956837,89.18539823288833
287.8971331956837,89.18539823288833
287.8971331956837,89.18539823288833
287.8971331956837,89.18539823288833
287.8971331956837,89.18539823288833
287.8971331956837,89.18539823288833
287.8971331956837,89.18539823288833
287.8971331956837,89.18539823288833
287.8971331956837,89.18539823288833
287.8971331956837,89.18539823288833
287.8971331956837,89.18539823288833
287.8971331956837,89.18539823288833
287.8971331956837,89.18539823288833
287.8971331956837,89.18539823288833
287.8971331956837,89.18539823288833
287.8971331956837,89.18539823288833
287.8971331956837,89.18539823288833
287.8971331956837,89.18539823288833
287.8971331956837,89.18539823288833
287.8971331956837,89.18539823288833
287.8971331956837,89.18539823288833
287.8971331956837,89.18539823288833
287.8971331956837,89.18539823288833
287.8971331956837,89.18539823288833
287.8971331956837,89.18539823288833
287.8971331956837,89.18539823288833
287.8971331956837,89.18539823288833
287.8971331956837,89.18539823288833
287.8971331956837,89.18539823288833
287.8971331956837,89.18539823288833
287.8971331956837,89.18539823288833
287.8971331956837,89.18539823288833
287.8971331956837,89.18539823288833
287.8971331956837,89.18539823288833
287.8971331956837,89.18539823288833
287.8971331956837,89.18539823288833
287.8971331956837,89.18539823288833
287.8971331956837,89.18539823288833
287.8971331956837,89.18539823288833
287.8971331956837,89.18539823288833
287.8971331956837,89.18539823288833
287.8971331956837,89.18539823288833
287.8971331956837,89.18539823288833
287.8971331956837,89.18539823288833
287.8971331956837,89.18539823288833
287.8971331956837,89.18539823288833
287.8971331956837,89.18539823288833
287.8971331956837,89.18539823288833
287.8971331956837,89.18539823288833
287.8971331956837,89.18539823288833
287.8971331956837,89.18539823288833
287.8971331956837,89.18539823288833
287.8971331956837,89.18539823288833
287.8971331956837,89.18539823288833
287.8971331956837,89.18539823288833
287.8971331956837,89.18539823288833
287.8971331956837,89.18539823288833
287.8971331956837,89.18539823288833
287.8971331956837,89.18539823288833
287.8971331956837,89.18539823288833
287.8971331956837,89.18539823288833
287.8971331956837,89.18539823288833
287.8971331956837,89.18539823288833
287.8971331956837,89.18539823288833
287.8971331956837,89.18539823288833
287.8971331956837,89.18539823288833
287.8971331956837,89.18539823288833
287.8971331956837,89.18539823288833
287.8971331956837,89.18539823288833
287.8971331956837,89.18539823288833
287.8971331956837,89.18539823288833
287.8971331956837,89.18539823288833
287.8971331956837,89.18539823288833
287.8971331956837,89.18539823288833
287.8971331956837,89.18539823288833
287.8971331956837,89.18539823288833
287.8971331956837,89.18539823288833
287.8971331956837,89.18539823288833
287.8971331956837,89.18539823288833
287.8971331956837,89.18539823288833
287.8971331956837,89.18539823288833
287.8971331956837,89.18539823288833
287.8971331956837,89.18539823288833
287.8971331956837,89.18539823288833
287.8971331956837,89.18539823288833
287.8971331956837,89.18539823288833
287.8971331956837,89.18539823288833
287.8971331956837,89.18539823288833
287.8971331956837,89.18539823288833
287.8971331956837,89.18539823288833
287.8971331956837,89.18539823288833
287.8971331956837,89.18539823288833
287.8971331956837,89.18539823288833
287.8971331956837,89.18539823288833
287.8971331956837,89.18539823288833
287.8971331956837,89.18539823288833
287.8971331956837,89.18539823288833
287.8971331956837,89.18539823288833
287.8971331956837,89.18539823288833
287.8971331956837,89.18539823288833
287.8971331956837,89.18539823288833
287.8971331956837,89.18539823288833
287.8971331956837,89.18539823288833
287.8971331956837,89.18539823288833
287.8971331956837,89.18539823288833
287.8971331956837,89.18539823288833
287.8971331956837,89.18539823288833
287.8971331956837,89.18539823288833
287.8971331956837,89.18539823288833
287.8971331956837,89.18539823288833
287.8971331956837,89.18539823288833
287.8971331956837,89.18539823288833
287.8971331956837,89.18539823288833
287.8971331956837,89.18539823288833
287.8971331956837,89.18539823288833
287.8971331956837,89.18539823288833
287.8971331956837,89.18539823288833
287.8971331956837,89.18539823288833
287.8971331956837,89.18539823288833
287.8971331956837,89.18539823288833
287.8971331956837,89.18539823288833
287.8971331956837,89.18539823288833
287.8971331956837,89.18539823288833
287.8971331956837,89.18539823288833
287.8971331956837,89.18539823288833
287.8971331956837,89.18539823288833
287.8971331956837,89.18539823288833
287.8971331956837,89.18539823288833
287.8971331956837,89.18539823288833
287.8971331956837,89.18539823288833
287.8971331956837,89.18539823288833
287.8971331956837,89.18539823288833
287.8971331956837,89.18539823288833
287.8971331956837,89.18539823288833
287.8971331956837,89.18539823288833
287.8971331956837,89.18539823288833
287.8971331956837,89.18539823288833
